{
 "cells": [
  {
   "cell_type": "markdown",
   "id": "6ff59f5d-94a2-4c30-aa1a-bf4dd98c7a3f",
   "metadata": {},
   "source": [
    "# The Boston Housing Data\n",
    "\n",
    "The Boston Housing Dataset is a derived from information collected by the U.S. Census Service concerning housing in the area of [ Boston MA](http://www.cs.toronto.edu/~delve/data/boston/bostonDetail.html). The following describes the dataset columns:\n",
    "\n",
    "* CRIM - per capita crime rate by town\n",
    "* ZN - proportion of residential land zoned for lots over 25,000 sq.ft.\n",
    "* INDUS - proportion of non-retail business acres per town.\n",
    "* CHAS - Charles River dummy variable (1 if tract bounds river; 0 otherwise)\n",
    "* NOX - nitric oxides concentration (parts per 10 million)\n",
    "* RM - average number of rooms per dwelling\n",
    "* AGE - proportion of owner-occupied units built prior to 1940\n",
    "* DIS - weighted distances to five Boston employment centres\n",
    "* RAD - index of accessibility to radial highways\n",
    "* TAX - full-value property-tax rate per \\$10,000\n",
    "* PTRATIO - pupil-teacher ratio by town\n",
    "* B - 1000(Bk - 0.63)^2 where Bk is the proportion of blacks by town\n",
    "* LSTAT - % lower status of the population\n",
    "* MEDV - Median value of owner-occupied homes in \\$1000's\n",
    "\n"
   ]
  },
  {
   "cell_type": "code",
   "execution_count": 1,
   "id": "672efc7a-8c05-40c1-83c7-2cd357ab085e",
   "metadata": {},
   "outputs": [
    {
     "name": "stdout",
     "output_type": "stream",
     "text": [
      "(506, 14)\n",
      "             CRIM          ZN       INDUS        CHAS         NOX          RM  \\\n",
      "count  506.000000  506.000000  506.000000  506.000000  506.000000  506.000000   \n",
      "mean     3.613524   11.363636   11.136779    0.069170    0.554695    6.284634   \n",
      "std      8.601545   23.322453    6.860353    0.253994    0.115878    0.702617   \n",
      "min      0.006320    0.000000    0.460000    0.000000    0.385000    3.561000   \n",
      "25%      0.082045    0.000000    5.190000    0.000000    0.449000    5.885500   \n",
      "50%      0.256510    0.000000    9.690000    0.000000    0.538000    6.208500   \n",
      "75%      3.677083   12.500000   18.100000    0.000000    0.624000    6.623500   \n",
      "max     88.976200  100.000000   27.740000    1.000000    0.871000    8.780000   \n",
      "\n",
      "              AGE         DIS         RAD         TAX     PTRATIO           B  \\\n",
      "count  506.000000  506.000000  506.000000  506.000000  506.000000  506.000000   \n",
      "mean    68.574901    3.795043    9.549407  408.237154   18.455534  356.674032   \n",
      "std     28.148861    2.105710    8.707259  168.537116    2.164946   91.294864   \n",
      "min      2.900000    1.129600    1.000000  187.000000   12.600000    0.320000   \n",
      "25%     45.025000    2.100175    4.000000  279.000000   17.400000  375.377500   \n",
      "50%     77.500000    3.207450    5.000000  330.000000   19.050000  391.440000   \n",
      "75%     94.075000    5.188425   24.000000  666.000000   20.200000  396.225000   \n",
      "max    100.000000   12.126500   24.000000  711.000000   22.000000  396.900000   \n",
      "\n",
      "            LSTAT        MEDV  \n",
      "count  506.000000  506.000000  \n",
      "mean    12.653063   22.532806  \n",
      "std      7.141062    9.197104  \n",
      "min      1.730000    5.000000  \n",
      "25%      6.950000   17.025000  \n",
      "50%     11.360000   21.200000  \n",
      "75%     16.955000   25.000000  \n",
      "max     37.970000   50.000000  \n"
     ]
    }
   ],
   "source": [
    "import numpy as np # linear algebra\n",
    "import pandas as pd # data processing, CSV file I/O (e.g. pd.read_csv)\n",
    "import matplotlib.pyplot as plt\n",
    "import seaborn as sns\n",
    "from pandas import read_csv\n",
    "#Lets load the dataset and sample some\n",
    "column_names = ['CRIM', 'ZN', 'INDUS', 'CHAS', 'NOX', 'RM', 'AGE', 'DIS', 'RAD', 'TAX', 'PTRATIO', 'B', 'LSTAT', 'MEDV']\n",
    "data = read_csv('housing.csv', header=None, delimiter=r\"\\s+\", names=column_names)\n",
    "# Dimension of the dataset\n",
    "print(np.shape(data))\n",
    "# Let's summarize the data to see the distribution of data\n",
    "print(data.describe())"
   ]
  },
  {
   "cell_type": "code",
   "execution_count": 2,
   "id": "947b0b28-fd1d-44da-b9ff-c1eae295bded",
   "metadata": {},
   "outputs": [
    {
     "name": "stdout",
     "output_type": "stream",
     "text": [
      "(490, 14)\n"
     ]
    }
   ],
   "source": [
    "data = data[~(data['MEDV'] >= 50.0)]\n",
    "print(np.shape(data))"
   ]
  },
  {
   "cell_type": "code",
   "execution_count": 3,
   "id": "4dba74e6-a95d-4e34-bf50-5ab8991d6040",
   "metadata": {},
   "outputs": [
    {
     "data": {
      "text/html": [
       "<div>\n",
       "<style scoped>\n",
       "    .dataframe tbody tr th:only-of-type {\n",
       "        vertical-align: middle;\n",
       "    }\n",
       "\n",
       "    .dataframe tbody tr th {\n",
       "        vertical-align: top;\n",
       "    }\n",
       "\n",
       "    .dataframe thead th {\n",
       "        text-align: right;\n",
       "    }\n",
       "</style>\n",
       "<table border=\"1\" class=\"dataframe\">\n",
       "  <thead>\n",
       "    <tr style=\"text-align: right;\">\n",
       "      <th></th>\n",
       "      <th>CRIM</th>\n",
       "      <th>ZN</th>\n",
       "      <th>INDUS</th>\n",
       "      <th>CHAS</th>\n",
       "      <th>NOX</th>\n",
       "      <th>RM</th>\n",
       "      <th>AGE</th>\n",
       "      <th>DIS</th>\n",
       "      <th>RAD</th>\n",
       "      <th>TAX</th>\n",
       "      <th>PTRATIO</th>\n",
       "      <th>B</th>\n",
       "      <th>LSTAT</th>\n",
       "      <th>MEDV</th>\n",
       "    </tr>\n",
       "  </thead>\n",
       "  <tbody>\n",
       "    <tr>\n",
       "      <th>CRIM</th>\n",
       "      <td>1.000000</td>\n",
       "      <td>-0.199075</td>\n",
       "      <td>0.408053</td>\n",
       "      <td>-0.064210</td>\n",
       "      <td>0.420476</td>\n",
       "      <td>-0.219307</td>\n",
       "      <td>0.353751</td>\n",
       "      <td>-0.382231</td>\n",
       "      <td>0.627434</td>\n",
       "      <td>0.583711</td>\n",
       "      <td>0.287079</td>\n",
       "      <td>-0.384460</td>\n",
       "      <td>0.461755</td>\n",
       "      <td>-0.450115</td>\n",
       "    </tr>\n",
       "    <tr>\n",
       "      <th>ZN</th>\n",
       "      <td>-0.199075</td>\n",
       "      <td>1.000000</td>\n",
       "      <td>-0.527121</td>\n",
       "      <td>-0.053911</td>\n",
       "      <td>-0.512137</td>\n",
       "      <td>0.310506</td>\n",
       "      <td>-0.563184</td>\n",
       "      <td>0.673227</td>\n",
       "      <td>-0.307726</td>\n",
       "      <td>-0.302897</td>\n",
       "      <td>-0.381815</td>\n",
       "      <td>0.176117</td>\n",
       "      <td>-0.422090</td>\n",
       "      <td>0.404608</td>\n",
       "    </tr>\n",
       "    <tr>\n",
       "      <th>INDUS</th>\n",
       "      <td>0.408053</td>\n",
       "      <td>-0.527121</td>\n",
       "      <td>1.000000</td>\n",
       "      <td>0.035815</td>\n",
       "      <td>0.765155</td>\n",
       "      <td>-0.412413</td>\n",
       "      <td>0.637970</td>\n",
       "      <td>-0.710284</td>\n",
       "      <td>0.596124</td>\n",
       "      <td>0.717678</td>\n",
       "      <td>0.387656</td>\n",
       "      <td>-0.363394</td>\n",
       "      <td>0.636527</td>\n",
       "      <td>-0.600005</td>\n",
       "    </tr>\n",
       "    <tr>\n",
       "      <th>CHAS</th>\n",
       "      <td>-0.064210</td>\n",
       "      <td>-0.053911</td>\n",
       "      <td>0.035815</td>\n",
       "      <td>1.000000</td>\n",
       "      <td>0.085619</td>\n",
       "      <td>0.044979</td>\n",
       "      <td>0.071194</td>\n",
       "      <td>-0.077705</td>\n",
       "      <td>-0.032786</td>\n",
       "      <td>-0.067743</td>\n",
       "      <td>-0.116830</td>\n",
       "      <td>0.041707</td>\n",
       "      <td>-0.006486</td>\n",
       "      <td>0.074803</td>\n",
       "    </tr>\n",
       "    <tr>\n",
       "      <th>NOX</th>\n",
       "      <td>0.420476</td>\n",
       "      <td>-0.512137</td>\n",
       "      <td>0.765155</td>\n",
       "      <td>0.085619</td>\n",
       "      <td>1.000000</td>\n",
       "      <td>-0.322609</td>\n",
       "      <td>0.727671</td>\n",
       "      <td>-0.768122</td>\n",
       "      <td>0.612160</td>\n",
       "      <td>0.667380</td>\n",
       "      <td>0.188381</td>\n",
       "      <td>-0.383087</td>\n",
       "      <td>0.612444</td>\n",
       "      <td>-0.524451</td>\n",
       "    </tr>\n",
       "    <tr>\n",
       "      <th>RM</th>\n",
       "      <td>-0.219307</td>\n",
       "      <td>0.310506</td>\n",
       "      <td>-0.412413</td>\n",
       "      <td>0.044979</td>\n",
       "      <td>-0.322609</td>\n",
       "      <td>1.000000</td>\n",
       "      <td>-0.268464</td>\n",
       "      <td>0.245789</td>\n",
       "      <td>-0.195768</td>\n",
       "      <td>-0.281955</td>\n",
       "      <td>-0.293299</td>\n",
       "      <td>0.119204</td>\n",
       "      <td>-0.610369</td>\n",
       "      <td>0.686634</td>\n",
       "    </tr>\n",
       "    <tr>\n",
       "      <th>AGE</th>\n",
       "      <td>0.353751</td>\n",
       "      <td>-0.563184</td>\n",
       "      <td>0.637970</td>\n",
       "      <td>0.071194</td>\n",
       "      <td>0.727671</td>\n",
       "      <td>-0.268464</td>\n",
       "      <td>1.000000</td>\n",
       "      <td>-0.743043</td>\n",
       "      <td>0.451939</td>\n",
       "      <td>0.499682</td>\n",
       "      <td>0.268459</td>\n",
       "      <td>-0.279002</td>\n",
       "      <td>0.637879</td>\n",
       "      <td>-0.492915</td>\n",
       "    </tr>\n",
       "    <tr>\n",
       "      <th>DIS</th>\n",
       "      <td>-0.382231</td>\n",
       "      <td>0.673227</td>\n",
       "      <td>-0.710284</td>\n",
       "      <td>-0.077705</td>\n",
       "      <td>-0.768122</td>\n",
       "      <td>0.245789</td>\n",
       "      <td>-0.743043</td>\n",
       "      <td>1.000000</td>\n",
       "      <td>-0.491875</td>\n",
       "      <td>-0.532025</td>\n",
       "      <td>-0.246773</td>\n",
       "      <td>0.299426</td>\n",
       "      <td>-0.536493</td>\n",
       "      <td>0.368813</td>\n",
       "    </tr>\n",
       "    <tr>\n",
       "      <th>RAD</th>\n",
       "      <td>0.627434</td>\n",
       "      <td>-0.307726</td>\n",
       "      <td>0.596124</td>\n",
       "      <td>-0.032786</td>\n",
       "      <td>0.612160</td>\n",
       "      <td>-0.195768</td>\n",
       "      <td>0.451939</td>\n",
       "      <td>-0.491875</td>\n",
       "      <td>1.000000</td>\n",
       "      <td>0.909000</td>\n",
       "      <td>0.456035</td>\n",
       "      <td>-0.451534</td>\n",
       "      <td>0.510192</td>\n",
       "      <td>-0.476296</td>\n",
       "    </tr>\n",
       "    <tr>\n",
       "      <th>TAX</th>\n",
       "      <td>0.583711</td>\n",
       "      <td>-0.302897</td>\n",
       "      <td>0.717678</td>\n",
       "      <td>-0.067743</td>\n",
       "      <td>0.667380</td>\n",
       "      <td>-0.281955</td>\n",
       "      <td>0.499682</td>\n",
       "      <td>-0.532025</td>\n",
       "      <td>0.909000</td>\n",
       "      <td>1.000000</td>\n",
       "      <td>0.452252</td>\n",
       "      <td>-0.448211</td>\n",
       "      <td>0.566467</td>\n",
       "      <td>-0.572442</td>\n",
       "    </tr>\n",
       "    <tr>\n",
       "      <th>PTRATIO</th>\n",
       "      <td>0.287079</td>\n",
       "      <td>-0.381815</td>\n",
       "      <td>0.387656</td>\n",
       "      <td>-0.116830</td>\n",
       "      <td>0.188381</td>\n",
       "      <td>-0.293299</td>\n",
       "      <td>0.268459</td>\n",
       "      <td>-0.246773</td>\n",
       "      <td>0.456035</td>\n",
       "      <td>0.452252</td>\n",
       "      <td>1.000000</td>\n",
       "      <td>-0.173636</td>\n",
       "      <td>0.358023</td>\n",
       "      <td>-0.518641</td>\n",
       "    </tr>\n",
       "    <tr>\n",
       "      <th>B</th>\n",
       "      <td>-0.384460</td>\n",
       "      <td>0.176117</td>\n",
       "      <td>-0.363394</td>\n",
       "      <td>0.041707</td>\n",
       "      <td>-0.383087</td>\n",
       "      <td>0.119204</td>\n",
       "      <td>-0.279002</td>\n",
       "      <td>0.299426</td>\n",
       "      <td>-0.451534</td>\n",
       "      <td>-0.448211</td>\n",
       "      <td>-0.173636</td>\n",
       "      <td>1.000000</td>\n",
       "      <td>-0.364099</td>\n",
       "      <td>0.364928</td>\n",
       "    </tr>\n",
       "    <tr>\n",
       "      <th>LSTAT</th>\n",
       "      <td>0.461755</td>\n",
       "      <td>-0.422090</td>\n",
       "      <td>0.636527</td>\n",
       "      <td>-0.006486</td>\n",
       "      <td>0.612444</td>\n",
       "      <td>-0.610369</td>\n",
       "      <td>0.637879</td>\n",
       "      <td>-0.536493</td>\n",
       "      <td>0.510192</td>\n",
       "      <td>0.566467</td>\n",
       "      <td>0.358023</td>\n",
       "      <td>-0.364099</td>\n",
       "      <td>1.000000</td>\n",
       "      <td>-0.759837</td>\n",
       "    </tr>\n",
       "    <tr>\n",
       "      <th>MEDV</th>\n",
       "      <td>-0.450115</td>\n",
       "      <td>0.404608</td>\n",
       "      <td>-0.600005</td>\n",
       "      <td>0.074803</td>\n",
       "      <td>-0.524451</td>\n",
       "      <td>0.686634</td>\n",
       "      <td>-0.492915</td>\n",
       "      <td>0.368813</td>\n",
       "      <td>-0.476296</td>\n",
       "      <td>-0.572442</td>\n",
       "      <td>-0.518641</td>\n",
       "      <td>0.364928</td>\n",
       "      <td>-0.759837</td>\n",
       "      <td>1.000000</td>\n",
       "    </tr>\n",
       "  </tbody>\n",
       "</table>\n",
       "</div>"
      ],
      "text/plain": [
       "             CRIM        ZN     INDUS      CHAS       NOX        RM       AGE  \\\n",
       "CRIM     1.000000 -0.199075  0.408053 -0.064210  0.420476 -0.219307  0.353751   \n",
       "ZN      -0.199075  1.000000 -0.527121 -0.053911 -0.512137  0.310506 -0.563184   \n",
       "INDUS    0.408053 -0.527121  1.000000  0.035815  0.765155 -0.412413  0.637970   \n",
       "CHAS    -0.064210 -0.053911  0.035815  1.000000  0.085619  0.044979  0.071194   \n",
       "NOX      0.420476 -0.512137  0.765155  0.085619  1.000000 -0.322609  0.727671   \n",
       "RM      -0.219307  0.310506 -0.412413  0.044979 -0.322609  1.000000 -0.268464   \n",
       "AGE      0.353751 -0.563184  0.637970  0.071194  0.727671 -0.268464  1.000000   \n",
       "DIS     -0.382231  0.673227 -0.710284 -0.077705 -0.768122  0.245789 -0.743043   \n",
       "RAD      0.627434 -0.307726  0.596124 -0.032786  0.612160 -0.195768  0.451939   \n",
       "TAX      0.583711 -0.302897  0.717678 -0.067743  0.667380 -0.281955  0.499682   \n",
       "PTRATIO  0.287079 -0.381815  0.387656 -0.116830  0.188381 -0.293299  0.268459   \n",
       "B       -0.384460  0.176117 -0.363394  0.041707 -0.383087  0.119204 -0.279002   \n",
       "LSTAT    0.461755 -0.422090  0.636527 -0.006486  0.612444 -0.610369  0.637879   \n",
       "MEDV    -0.450115  0.404608 -0.600005  0.074803 -0.524451  0.686634 -0.492915   \n",
       "\n",
       "              DIS       RAD       TAX   PTRATIO         B     LSTAT      MEDV  \n",
       "CRIM    -0.382231  0.627434  0.583711  0.287079 -0.384460  0.461755 -0.450115  \n",
       "ZN       0.673227 -0.307726 -0.302897 -0.381815  0.176117 -0.422090  0.404608  \n",
       "INDUS   -0.710284  0.596124  0.717678  0.387656 -0.363394  0.636527 -0.600005  \n",
       "CHAS    -0.077705 -0.032786 -0.067743 -0.116830  0.041707 -0.006486  0.074803  \n",
       "NOX     -0.768122  0.612160  0.667380  0.188381 -0.383087  0.612444 -0.524451  \n",
       "RM       0.245789 -0.195768 -0.281955 -0.293299  0.119204 -0.610369  0.686634  \n",
       "AGE     -0.743043  0.451939  0.499682  0.268459 -0.279002  0.637879 -0.492915  \n",
       "DIS      1.000000 -0.491875 -0.532025 -0.246773  0.299426 -0.536493  0.368813  \n",
       "RAD     -0.491875  1.000000  0.909000  0.456035 -0.451534  0.510192 -0.476296  \n",
       "TAX     -0.532025  0.909000  1.000000  0.452252 -0.448211  0.566467 -0.572442  \n",
       "PTRATIO -0.246773  0.456035  0.452252  1.000000 -0.173636  0.358023 -0.518641  \n",
       "B        0.299426 -0.451534 -0.448211 -0.173636  1.000000 -0.364099  0.364928  \n",
       "LSTAT   -0.536493  0.510192  0.566467  0.358023 -0.364099  1.000000 -0.759837  \n",
       "MEDV     0.368813 -0.476296 -0.572442 -0.518641  0.364928 -0.759837  1.000000  "
      ]
     },
     "execution_count": 3,
     "metadata": {},
     "output_type": "execute_result"
    }
   ],
   "source": [
    "data.corr()"
   ]
  },
  {
   "cell_type": "markdown",
   "id": "acc312d0-15aa-4526-8f95-a1c3e406ad66",
   "metadata": {},
   "source": [
    "From correlation matrix, we see TAX and RAD are highly correlated features. The columns LSTAT, INDUS, RM, TAX, NOX, PTRAIO has a correlation score above 0.5 with MEDV which is a good indication of using as predictors. Let's plot these columns against MEDV. "
   ]
  },
  {
   "cell_type": "code",
   "execution_count": 4,
   "id": "10874fbe-ac63-498f-a1d7-2733d3a7955a",
   "metadata": {},
   "outputs": [],
   "source": [
    "from sklearn import preprocessing\n",
    "# Let's scale the columns before plotting them against MEDV\n",
    "min_max_scaler = preprocessing.MinMaxScaler()\n",
    "column_sels = ['LSTAT', 'INDUS', 'NOX', 'PTRATIO', 'RM', 'TAX', 'DIS', 'AGE']\n",
    "x = data.loc[:,column_sels]\n",
    "y = data['MEDV']\n",
    "x = pd.DataFrame(data=min_max_scaler.fit_transform(x), columns=column_sels)\n",
    "\n",
    "\"\"\"\n",
    "So with these analsis, we may try predict MEDV with 'LSTAT', 'INDUS', 'NOX', 'PTRATIO', 'RM', 'TAX', 'DIS', 'AGE' features. \n",
    "Let's try to remove the skewness of the data trough log transformation.\n",
    "\"\"\"\n",
    "y =  np.log1p(y)\n",
    "for col in x.columns:\n",
    "    if np.abs(x[col].skew()) > 0.3:\n",
    "        x[col] = np.log1p(x[col])"
   ]
  },
  {
   "cell_type": "markdown",
   "id": "520e1ef3-244a-4e8a-afce-f4d7c270eb71",
   "metadata": {},
   "source": [
    "# Train the Model - SVR"
   ]
  },
  {
   "cell_type": "code",
   "execution_count": 5,
   "id": "ff939e8b-659e-44b4-b564-37ba835caec9",
   "metadata": {},
   "outputs": [
    {
     "name": "stdout",
     "output_type": "stream",
     "text": [
      "MSE: -0.04 (+/- 0.03)\n"
     ]
    }
   ],
   "source": [
    "from sklearn.model_selection import cross_val_score\n",
    "from sklearn.model_selection import KFold\n",
    "import numpy as np\n",
    "from sklearn.svm import SVR\n",
    "from sklearn.model_selection import GridSearchCV\n",
    "\n",
    "x_scaled = min_max_scaler.fit_transform(x)\n",
    "kf = KFold(n_splits=10)\n",
    "scores_map = {}\n",
    "svr_rbf = SVR(kernel='rbf', C=1e3, gamma=0.1)\n",
    "svr_rbf.fit(x_scaled, y)\n",
    "scores = cross_val_score(svr_rbf, x_scaled, y, cv=kf, scoring='neg_mean_squared_error')\n",
    "scores_map['SVR'] = scores\n",
    "print(\"MSE: %0.2f (+/- %0.2f)\" % (scores.mean(), scores.std()))"
   ]
  },
  {
   "cell_type": "markdown",
   "id": "1d2dba53-90f8-4294-95a0-885d558be7c4",
   "metadata": {},
   "source": [
    "# Train the Model - GBR"
   ]
  },
  {
   "cell_type": "code",
   "execution_count": 6,
   "id": "27d0e6dc-12d4-4084-9a48-1ecb7dcbf514",
   "metadata": {},
   "outputs": [
    {
     "name": "stdout",
     "output_type": "stream",
     "text": [
      "MSE: -0.03 (+/- 0.02)\n"
     ]
    }
   ],
   "source": [
    "from sklearn.ensemble import GradientBoostingRegressor\n",
    "\n",
    "gbr = GradientBoostingRegressor(alpha=0.9,learning_rate=0.05, max_depth=2, min_samples_leaf=5, min_samples_split=2, n_estimators=100, random_state=30)\n",
    "gbr.fit(x_scaled, y)\n",
    "scores = cross_val_score(gbr, x_scaled, y, cv=kf, scoring='neg_mean_squared_error')\n",
    "scores_map['GradientBoostingRegressor'] = scores\n",
    "print(\"MSE: %0.2f (+/- %0.2f)\" % (scores.mean(), scores.std()))"
   ]
  },
  {
   "cell_type": "markdown",
   "id": "6f378fb5-ae3c-4e6a-b0f3-5eacf8980e9f",
   "metadata": {},
   "source": [
    "# Sample Random Variables - Independent\n",
    "\n",
    "### We first assume that the data are independent and follows the normal distribution "
   ]
  },
  {
   "cell_type": "code",
   "execution_count": 7,
   "id": "5f1e4433-bfe6-4d3c-bf7e-532cf8bec9a7",
   "metadata": {},
   "outputs": [
    {
     "name": "stdout",
     "output_type": "stream",
     "text": [
      "[[0.35524289 0.51381194 0.17910014 ... 0.41544718 0.72110393 0.58740382]\n",
      " [0.47148725 0.45626394 0.5277097  ... 0.58539018 0.34479678 0.29557369]\n",
      " [0.54879735 0.49402714 0.32689211 ... 0.56454966 0.59441873 0.54028134]\n",
      " ...\n",
      " [0.62421575 0.53436399 0.55388909 ... 0.74453565 0.4278612  0.61945825]\n",
      " [0.51252838 0.40775402 0.32619407 ... 0.48511615 0.45155607 0.64109324]\n",
      " [0.56767896 0.59375539 0.50202575 ... 0.38331693 0.2712573  0.35668364]]\n"
     ]
    }
   ],
   "source": [
    "\"\"\"\n",
    "Indepdent Inputs\n",
    "\"\"\"\n",
    "\n",
    "import active_subspaces.utils.misc as misc\n",
    "import active_subspaces as ac\n",
    "\n",
    "M = 10000 #This is the number of data points to use\n",
    "d = 8\n",
    "\n",
    "column_sels = ['LSTAT', 'INDUS', 'NOX', 'PTRATIO', 'RM', 'TAX', 'DIS', 'AGE']\n",
    "#Sample the input space according to the distributions in the table above\n",
    "LSTAT = np.random.normal(x['LSTAT'].mean(),x['LSTAT'].std(), (M, 1))\n",
    "INDUS = np.random.normal(x['INDUS'].mean(),x['INDUS'].std(), (M, 1))\n",
    "NOX = np.random.normal(x['NOX'].mean(),x['NOX'].std(), (M, 1))\n",
    "PTRATIO = np.random.normal(x['PTRATIO'].mean(),x['PTRATIO'].std(), (M, 1))\n",
    "RM = np.random.normal(x['RM'].mean(),x['RM'].std(), (M, 1))\n",
    "TAX = np.random.normal(x['TAX'].mean(),x['TAX'].std(), (M, 1))\n",
    "DIS = np.random.normal(x['DIS'].mean(),x['DIS'].std(), (M, 1))\n",
    "AGE = np.random.normal(x['AGE'].mean(),x['AGE'].std(), (M, 1))\n",
    "XX = np.hstack((LSTAT, INDUS, NOX, PTRATIO,RM,TAX,DIS,AGE))\n",
    "x_scaled = min_max_scaler.fit_transform(XX)\n",
    "print(x_scaled)\n",
    "# save the sampled data\n",
    "np.savetxt('sample_data_independent.csv', x_scaled, delimiter=',')"
   ]
  },
  {
   "cell_type": "markdown",
   "id": "8c4307ff-0b47-4180-ae98-28f9504f66ed",
   "metadata": {},
   "source": [
    "# Sensitivity Analysis - SVR Model"
   ]
  },
  {
   "cell_type": "code",
   "execution_count": 8,
   "id": "ed195c0e-3655-4533-8810-d3fa0f7bb91e",
   "metadata": {},
   "outputs": [],
   "source": [
    "def DerSHAP(df):\n",
    "    \"\"\"\n",
    "    Input: \n",
    "        df: M-by-d matrix, that contains estimated partial derivatives( in our case, approximated by finite difference method)\n",
    "    Output: \n",
    "        norm_shap:  normalized DerSHAP values\n",
    "    Parameters:\n",
    "        C: d-by-d matrix, this is the gradient matrix\n",
    "        shap: d-by-1 array, this is the DerSHAP values array\n",
    "        norm_shap: d-by 1 array, this is the normalized DerSHAP values\n",
    "    \"\"\"\n",
    "    C = np.dot(df.transpose(), df)\n",
    "    C = abs(C)\n",
    "    shap = np.zeros(len(C))\n",
    "    for ii in range(len(C)):\n",
    "        shap[ii] = 0.5*C[ii,ii]\n",
    "        temp = 0\n",
    "        for jj in range(len(C[0])):\n",
    "            temp = 0.5 * C[ii,jj]\n",
    "        shap[ii] += temp\n",
    "    norm_shap = [shap[ii]/sum(shap) for ii in range(len(shap))]\n",
    "    return norm_shap"
   ]
  },
  {
   "cell_type": "code",
   "execution_count": 9,
   "id": "fe4f4893-96f4-430c-962c-e36e22a944d5",
   "metadata": {},
   "outputs": [
    {
     "name": "stdout",
     "output_type": "stream",
     "text": [
      "DerSHAP time is:  3.8719112873077393\n",
      "[0.252 0.089 0.043 0.019 0.376 0.103 0.087 0.031]\n"
     ]
    },
    {
     "data": {
